Test case 1
----------------------
Max dollar price: 0


Member items
0:  77 661:  77 66
Test case 2
----------------------
Max dollar price: 0


Member items
0:  32 43 26 50 20 271:  32 43 26 50 20 272:  32 43 26 50 20 273:  32 43 26 50 20 27
Test case 3
----------------------
Max dollar price: 116065


Member items
0:  1 2 3 2 51:  1 2 3 2 52:  1 2 3 2 53:  1 2 3 2 54:  1 2 3 2 55:  1 2 3 2 56:  1 2 3 2 57:  1 2 3 2 58:  1 2 3 2 59:  1 2 3 2 5
Test case 4
----------------------
Max dollar price: 115393


Member items
0:  1 4 4 4 5 8 10 9 11 131:  1 4 4 4 5 8 10 9 11 132:  1 4 4 4 5 8 10 9 11 133:  1 4 4 4 5 8 10 9 11 134:  1 4 4 4 5 8 10 9 11 135:  1 4 4 4 5 8 10 9 11 136:  1 4 4 4 5 8 10 9 11 137:  1 4 4 4 5 8 10 9 11 138:  1 4 4 4 5 8 10 9 11 139:  1 4 4 4 5 8 10 9 11 1310:  1 4 4 4 5 8 10 9 11 1311:  1 4 4 4 5 8 10 9 11 1312:  1 4 4 4 5 8 10 9 11 1313:  1 4 4 4 5 8 10 9 11 1314:  1 4 4 4 5 8 10 9 11 1315:  1 4 4 4 5 8 10 9 11 1316:  1 4 4 4 5 8 10 9 11 1317:  1 4 4 4 5 8 10 9 11 1318:  1 4 4 4 5 8 10 9 11 1319:  1 4 4 4 5 8 10 9 11 1320:  1 4 4 4 5 8 10 9 11 1321:  1 4 4 4 5 8 10 9 11 1322:  1 4 4 4 5 8 10 9 11 1323:  1 4 4 4 5 8 10 9 11 1324:  1 4 4 4 5 8 10 9 11 1325:  1 4 4 4 5 8 10 9 11 1326:  1 4 4 4 5 8 10 9 11 1327:  1 4 4 4 5 8 10 9 11 1328:  1 4 4 4 5 8 10 9 11 1329:  1 4 4 4 5 8 10 9 11 13
